34.4	2.40	2.64	8.94	8.94	-1.0 	90.83	0.82
82.6	2.61	2.68	2.64	2.64	0.001	95.03	0.13
53.9	2.50	2.66	6.00	6.00	0.09	96.41	0.22
49.02	2.44	2.66	8.52	8.52	0.001	97.23	0.24
28.7	2.45	2.59	5.13	5.13	0.004	94.48	0.28
41.5	2.43	2.66	8.75	8.75	0.01	96.37	0.32
64.7	2.60	2.67	2.76	2.76	0.001	99.89	0.29
50.1	2.43	2.63	7.54	7.54	0.01	98.82	0.09
68.6	2.49	2.65	6.01	6.01	0.009	94.25	0.35
56.4	2.48	2.66	6.67	6.67	0.001	98.52	0.10
38.9	2.43	2.61	6.9	6.9	0.01	97.5	0.17
0.9	2.43	2.55	4.79	4.79	0.03	-1.0    -1.0 
62.2	2.43	2.65	8.14	8.14	0.008	88.84	0.91
