1.0	2.39	2.69	10.98	10.98	0.09	93.24	0.74
98.3	2.27	2.78	18.13	18.13	12.9	3.75	17.45
-1.0 	2.37	2.80	15.33	15.33	11.9	-1.0 	-1.0 
91.5	2.05	2.83	27.28	27.28	366.0	10.43	24.44
98.4	2.05	2.77	25.89	25.89	49.3	9.98	23.31
-1.0 	1.86	2.77	32.85	32.85	558.4	-1.0 	-1.0 
33.9	1.96	2.73	28.21	29.67	1.7	25.58	22.08
-1.0 	1.81	2.65	31.7	31.70	261.6	-1.0 	-1.0 
87.3	2.34	2.83	17.21	17.21	0.2	53.30	8.04
89.6	1.77	2.82	37.23	37.23	1085.2	3.98	35.75
-1.0 	1.81	2.74	33.85	34.31	1214.7	-1.0 	-1.0 
99.9	1.96	2.80	29.95	30.71	377.0	4.62	29.29
-1.0 	1.84	2.74	32.82	33.21	1044.5	-1.0 	-1.0 
98.8	2.11	2.87	26.54	28.22	188.2	5.88	26.56
-1.0 	1.99	2.72	26.77	29.41	523.3	-1.0 	-1.0 
99.9	2.17	2.83	23.32	23.32	75.3	6.57	21.79
-1.0 	2.12	2.78	23.74	23.74	320.9	-1.0 	-1.0 
99.9	2.43	2.82	13.79	14.54	7.7	23.60	11.11
-1.0 	2.30	2.81	18.15	19.22	75.6	-1.0 	-1.0 
95.9	1.98	2.84	30.07	30.99	280.0	18.45	25.21
13.6	2.37	2.69	11.9	12.27	0.2	66.63	4.09
97.5	2.01	2.85	29.37	32.28	208.1	5.53	30.49
23.2	2.30	2.64	12.88	13.26	2.1	88.46	1.53
-1.0 	2.44	2.63	7.22	7.98	1.3	-1.0 	-1.0 
99.9	2.08	2.81	25.98	25.98	197.4	0.95	25.73
-1.0 	2.11	2.75	23.27	23.27	232.1	-1.0 	-1.0 
83.7	2.24	2.81	20.28	20.28	62.7	0.49	20.18
-1.0 	2.10	2.77	24.19	24.19	205.7	-1.0 	-1.0 
99.9	1.73	2.85	39.3	39.30	1416.2	3.42	37.96
-1.0 	1.90	2.75	30.91	31.27	514.8	-1.0 	-1.0 
84.9	2.29	2.71	15.4	15.40	0.5	29.46	10.86
99.6	2.33	2.72	14.26	14.26	0.6	20.21	11.38
-1.0 	2.32	2.70	14.07	14.07	0.5	-1.0 	-1.0 
99.9	2.27	2.70	15.93	15.93	0.6	30.69	11.04
-1.0 	2.26	2.69	15.96	15.96	0.8	-1.0 	-1.0 
99.6	2.24	2.70	17.04	17.04	0.7	20.61	13.53
-1.0 	2.25	2.70	16.57	16.57	0.9	-1.0 	-1.0 
99.7	2.19	2.68	18.28	18.28	0.8	24.45	13.81
-1.0 	2.23	2.69	17.1	17.10	1.2	-1.0 	-1.0 
97.7	2.23	2.73	18.2	18.20	1.2	21.71	14.25
-1.0 	2.19	2.69	18.49	18.49	1.9	-1.0 	-1.0 
83.0	2.22	2.72	18.38	18.38	5.4	12.13	16.15
-1.0 	2.25	2.72	17.28	17.28	11.0	-1.0 	-1.0 
63.2	1.98	2.77	28.46	28.46	59.7	18.16	23.29
-1.0 	2.09	2.76	24.28	25.36	320.9	-1.0 	-1.0 
63.1	1.99	2.76	27.89	28.62	101.2	17.04	23.74
-1.0 	2.08	2.76	24.64	25.00	278.6	-1.0 	-1.0 
68.6	2.00	2.74	27.01	28.83	72.8	6.52	26.95
-1.0 	1.90	2.70	29.59	30.00	139.2	-1.0 	-1.0 
76.0	1.98	2.72	27.03	27.94	50.0	22.24	21.73
-1.0 	2.00	2.70	25.93	27.04	282.9	-1.0 	-1.0 	 
58.4	1.82	2.72	33.09	33.09	268.5	-1.0 	-1.0 	 
-1.0 	1.87	2.69	30.48	30.86	263.2	-1.0 	-1.0 	 
84.8	1.87	2.76	32.13	35.14	306.0	22.25	27.32
99.1	2.28	2.70	15.31	15.31	0.6	23.57	11.70
-1.0 	2.28	2.68	14.75	14.75	0.7	-1.0 	-1.0 	 
99.9	2.27	2.69	15.5	15.50	0.4	27.01	11.31
-1.0 	2.27	2.69	15.61	15.61	0.6	-1.0 	-1.0 	 
99.4	2.27	2.71	16.24	16.24	0.5	23.04	12.50
-1.0 	2.27	2.71	16.22	16.22	1.1	-1.0 	-1.0 	 
98.5	2.41	2.64	8.71	8.71	0.04	33.04	5.83
-1.0 	2.23	2.71	17.7	17.70	1.6	-1.0 	-1.0 	 
96.7	2.28	2.74	16.79	16.79	1.9	15.79	14.14
-1.0 	2.22	2.68	17.16	17.54	4.2	-1.0 	-1.0 	 
84.6	2.41	2.79	13.58	13.58	3.0	18.52	11.03
-1.0 	2.42	2.75	11.64	11.64	0.7	-1.0 	-1.0 	 
70.4	2.18	2.80	22.14	22.14	22.0	24.56	16.70
-1.0 	2.18	2.80	21.85	21.85	55.6	-1.0 	-1.0 	 
70.9	2.04	2.78	26.44	28.42	146.6	7.60	26.26
-1.0 	1.99	2.76	27.84	29.71	276.2	-1.0 	-1.0 	 
70.0	2.11	2.74	22.99	22.99	108.5	-1.0 	-1.0 	 
68.6	1.93	2.74	29.37	30.29	79.0	14.71	25.83
-1.0 	2.26	2.79	18.78	18.78	73.3	-1.0 	-1.0 	 
82.3	2.19	2.80	21.86	22.50	188.0	-1.0 	-1.0 	 
-1.0 	2.05	2.75	25.42	25.42	291.9	-1.0 	-1.0 	 
79.4	2.27	2.80	18.79	20.00	92.7	0.71	18.58
-1.0 	2.26	2.79	18.92	21.15	185.7	-1.0 	-1.0 	 
65.7	2.04	2.80	26.8	30.36	200.0	12.68	26.51
-1.0 	1.99	2.81	29.18	32.38	178.4	-1.0 	-1.0 	 
86.1	1.76	2.83	37.68	38.16	1268.3	2.11	37.35
-1.0 	1.97	2.81	29.89	30.60	612.0	-1.0 	-1.0 	 
93.4	2.21	2.70	17.98	17.98	266.3	19.26	14.52
-1.0 	2.23	2.69	17.09	17.47	1.5	-1.0 	-1.0 	 
77.6	2.20	2.70	18.3	20.00	0.7	14.81	17.04
93.8	2.24	2.71	17.31	17.71	1.2	21.58	13.89
-1.0 	2.29	2.74	16.31	16.79	1.2	-1.0 	-1.0 	 
98.0	2.22	2.69	17.45	17.45	0.9	25.00	13.09
-1.0 	2.23	2.70	17.46	17.78	1.2	-1.0 	-1.0 	 
83.8	2.24	2.73	17.89	18.31	1.1	20.36	14.58
-1.0 	2.26	2.71	16.71	16.97	1.3	-1.0 	-1.0 	 
86.2	2.27	2.75	17.39	17.39	1.5	18.63	14.15
-1.0 	2.18	2.81	22.06	22.06	1.7	-1.0 	-1.0 	 
89.4	2.25	2.71	16.8	16.80	1.9	18.30	13.73
-1.0 	2.22	2.75	19.16	19.64	4.4	-1.0 	-1.0 	 
90.0	2.19	2.75	20.12	20.73	28.6	7.28	19.22
-1.0 	2.21	2.75	19.4	20.00	22.4	-1.0 	-1.0 	 
87.90	2.18	2.81	22.46	22.77	165.0	5.14	21.60
-1.0 	2.27	2.81	19.22	19.93	30.7	-1.0 	-1.0 	 
87.7	2.49	2.83	11.8	14.13	7.5	18.78	11.48
-1.0 	2.32	2.81	17.14	24.20	1046.0	-1.0 	-1.0 	 
84.0	2.27	2.83	19.6	20.43	126.6	4.88	19.43
-1.0 	2.05	2.81	27.05	30.25	789.0	-1.0 	-1.0 	 
78.9	2.03	2.84	28.24	28.87	610.0	4.43	27.57
72.2	1.91	2.83	32.14	33.57	1064.4	3.75	32.31
-1.0 	1.95	2.81	30.6	31.32	736.0	-1.0 	-1.0 	 
82.3	1.90	2.82	32.52	32.92	975.0	5.18	31.21
-1.0 	1.87	2.81	33.45	34.87	785.0	-1.0 	-1.0 	 
89.5	1.92	2.81	31.58	32.03	405.0	7.26	29.70
-1.0 	1.93	2.81	31.32	32.03	837.2	-1.0 	-1.0 	 
84.8	2.07	2.80	25.9	25.90	116.0	5.89	24.37
-1.0 	1.93	2.81	31.32	31.67	471.3	-1.0 	-1.0 	 
92.7	2.27	2.72	16.28	16.28	1.0	16.20	13.64
-1.0 	2.22	2.70	17.8	18.15	1.4	-1.0 	-1.0 	 
87.7	2.33	2.72	14.11	14.71	0.3	27.37	10.68
-1.0 	2.31	2.70	14.27	14.81	0.7	-1.0 	-1.0 	 
92.3	2.34	2.70	13.25	13.25	0.4	32.62	8.93
-1.0 	2.32	2.74	15.14	15.69	0.7	-1.0 	-1.0 	 
90.7	2.42	2.71	10.76	10.76	0.9	39.59	6.50
-1.0 	2.40	2.75	12.49	13.09	0.5	-1.0 	-1.0 	 
89.0	2.45	2.77	11.55	11.55	0.2	45.51	6.29
-1.0 	2.36	2.70	12.3	12.30	0.4	-1.0 	-1.0 	 
91.5	2.35	2.74	14.09	14.09	0.3	33.99	9.30
-1.0 	2.38	2.76	13.62	13.62	0.4	-1.0 	-1.0 	 
99.9	2.42	2.76	12.2	13.41	0.2	32.32	9.08
88.9	2.31	2.71	14.64	14.64	0.5	32.15	9.93
-1.0 	2.32	2.70	14.02	14.02	0.7	-1.0 	-1.0 	 
86.9	2.34	2.75	14.93	14.93	0.5	29.74	10.49
-1.0 	2.35	2.72	13.57	13.57	0.6	-1.0 	-1.0 	 
93.2	2.33	2.71	13.92	15.50	0.2	31.96	10.55
83.9	2.31	2.73	15.44	15.44	0.5	41.84	8.98
-1.0 	2.29	2.71	15.37	15.37	0.7	-1.0 	-1.0 	 
82.6	2.31	2.73	15.17	15.17	0.4	40.09	9.09
-1.0 	2.33	2.74	14.65	14.65	0.7	-1.0 	-1.0 	 
77.5	2.32	2.74	16.25	16.25	0.7	38.66	9.97
-1.0 	2.34	2.75	14.86	14.86	0.6	-1.0 	-1.0 	 
86.2	2.32	2.75	15.4	15.40	0.4	37.43	9.76
-1.0 	2.34	2.76	15.3	15.30	1.1	-1.0 	-1.0 	 
93.2	2.34	2.71	13.71	15.50	0.2	33.21	10.35




